1 0.46999649386426123 0.7983355246681699 0.09068069120961482 0.05582456799398919
1 0.32150262960180265 0.7009347608314555 0.040338592536940006 0.030626095667417776
1 0.7585775106436263 0.6487603305785121 0.04808414725770099 0.03130478337089961
1 0.7625845229151015 0.5385674931129478 0.060105184072126276 0.03881793137991489
1 0.6962183821687951 0.5025669922364139 0.03405960430753824 0.03193087903831705
1 0.6456298522414223 0.5172802404207365 0.019033308289506598 0.028800400701227125
1 0.5394440270473327 0.5063235662409218 0.05709992486851987 0.030678687703481092
1 0.48084147257700954 0.49881041823190614 0.06811920861507641 0.04445279238667676
1 0.34660656148259433 0.5370022539444029 0.044077134986226 0.039444027047332776
1 0.3150513398447283 0.5413849236163286 0.025043826696719246 0.028174305033808782
