1 0.12333333333333331 0.7383333333333333 0.052000000000000005 0.04166666666666666
1 0.35666666666666663 0.5658333333333333 0.05466666666666667 0.03333333333333333
1 0.3373333333333333 0.5225 0.048 0.051666666666666666
1 0.4273333333333334 0.5025 0.07066666666666668 0.05
1 0.6653333333333334 0.5258333333333334 0.05333333333333335 0.031666666666666676
1 0.6433333333333333 0.565 0.04933333333333333 0.031666666666666676
1 0.7719999999999998 0.6233333333333334 0.06133333333333334 0.06
1 0.804 0.6570833333333335 0.042666666666666665 0.030833333333333334
1 0.762 0.6775 0.06 0.028333333333333325
1 0.7293333333333334 0.73875 0.05333333333333335 0.025833333333333333
1 0.7 0.7712499999999999 0.07466666666666667 0.06416666666666665
1 0.8080000000000003 0.75375 0.048 0.030833333333333334
1 0.8366666666666667 0.7720833333333335 0.02 0.02083333333333333
