1 0.13533333333333333 0.7508333333333332 0.06266666666666666 0.03500000000000001
1 0.3093333333333333 0.8470833333333333 0.10933333333333334 0.05416666666666667
1 0.46266666666666667 0.78 0.07466666666666667 0.06333333333333335
1 0.5333333333333334 0.8087499999999999 0.06133333333333334 0.06416666666666665
1 0.5766666666666667 0.84625 0.03333333333333333 0.05083333333333333
1 0.6080000000000001 0.7866666666666666 0.06933333333333332 0.06666666666666667
1 0.4706666666666666 0.7166666666666667 0.048 0.03833333333333334
1 0.596 0.6875000000000001 0.11466666666666667 0.04333333333333334
1 0.66 0.6275 0.058666666666666666 0.023333333333333334
1 0.6 0.6229166666666668 0.055999999999999994 0.030833333333333334
1 0.5113333333333333 0.555 0.043999999999999984 0.03
1 0.332 0.57625 0.05333333333333335 0.030833333333333334
1 0.354 0.62125 0.06800000000000002 0.0325
1 0.38733333333333336 0.5995833333333334 0.06266666666666666 0.0375
