1 0.12999999999999998 0.605 0.076 0.04333333333333334
1 0.2253333333333333 0.6633333333333333 0.06666666666666667 0.06833333333333333
1 0.30399999999999994 0.60375 0.05333333333333335 0.0375
1 0.3493333333333334 0.6720833333333333 0.08799999999999997 0.06583333333333333
1 0.4166666666666666 0.6054166666666666 0.04666666666666667 0.030833333333333334
1 0.5046666666666667 0.7549999999999999 0.052000000000000005 0.04166666666666666
1 0.51 0.7970833333333333 0.076 0.04416666666666667
1 0.6066666666666667 0.6754166666666667 0.096 0.049166666666666664
1 0.72 0.7945833333333334 0.06666666666666667 0.0375
1 0.7273333333333334 0.6258333333333334 0.08133333333333333 0.051666666666666666
1 0.7140000000000001 0.5758333333333333 0.04933333333333333 0.03500000000000001
