1 0.43733333333333335 0.82 0.064 0.08166666666666667
1 0.18266666666666662 0.7295833333333335 0.07733333333333334 0.06083333333333335
1 0.35200000000000004 0.70375 0.06933333333333332 0.05083333333333333
1 0.12200000000000003 0.7879166666666667 0.03866666666666667 0.0475
1 0.10133333333333333 0.7541666666666668 0.064 0.065
1 0.048 0.7295833333333335 0.08533333333333333 0.05583333333333333
1 0.06466666666666666 0.6708333333333334 0.04933333333333333 0.04
1 0.1993333333333333 0.6425 0.09733333333333331 0.03833333333333334
1 0.018666666666666668 0.5844311523437499 0.037333333333333336 0.0288623046875
1 0.04 0.5637499999999999 0.058666666666666666 0.035833333333333335
1 0.17066666666666666 0.5237499999999998 0.037333333333333336 0.0325
1 0.23266666666666666 0.5845833333333332 0.06 0.029166666666666664
1 0.29 0.5875 0.05466666666666667 0.02
1 0.42866666666666675 0.61 0.03599999999999999 0.03
1 0.42933333333333346 0.5858333333333333 0.037333333333333336 0.02
