1 0.17066666666666663 0.62125 0.07199999999999998 0.04083333333333333
1 0.18866666666666668 0.6025 0.02 0.013333333333333338
1 0.24466666666666664 0.5695833333333333 0.027999999999999997 0.0375
1 0.20933333333333326 0.5675 0.048 0.023333333333333334
1 0.3426666666666667 0.5383333333333333 0.04533333333333333 0.031666666666666676
1 0.41533333333333344 0.5770833333333335 0.04666666666666667 0.034166666666666665
1 0.38799999999999996 0.6129166666666667 0.04533333333333333 0.025833333333333333
1 0.40733333333333344 0.6983333333333333 0.076 0.04
1 0.5980000000000001 0.6241666666666666 0.04666666666666667 0.03
1 0.6373333333333333 0.7870833333333335 0.05333333333333335 0.0325
1 0.7453333333333332 0.7525 0.058666666666666666 0.031666666666666676
1 0.5893333333333335 0.5195833333333334 0.06666666666666667 0.049166666666666664
1 0.5373333333333333 0.44 0.09066666666666666 0.03333333333333333
1 0.7493333333333335 0.5212499999999999 0.055999999999999994 0.0275
