1 0.3753333333333333 0.4616666666666667 0.022666666666666665 0.031666666666666676
1 0.4079999999999999 0.45166666666666666 0.037333333333333336 0.03
1 0.3813333333333333 0.6066666666666667 0.055999999999999994 0.031666666666666676
1 0.6673333333333333 0.7054166666666667 0.04933333333333333 0.0325
1 0.628 0.69875 0.06666666666666667 0.05583333333333333
1 0.6859999999999999 0.6529166666666667 0.04666666666666667 0.034166666666666665
1 0.584 0.5470833333333334 0.042666666666666665 0.0225
1 0.7793333333333331 0.565 0.04666666666666667 0.03500000000000001
1 0.9806666666666668 0.60375 0.03866666666666667 0.04083333333333333
1 0.7140000000000002 0.47875 0.041333333333333326 0.01916666666666667
1 0.76 0.4733333333333333 0.050666666666666665 0.03333333333333333
1 0.728 0.45375 0.037333333333333336 0.0275
1 0.6906666666666667 0.4145833333333333 0.058666666666666666 0.0325
