1 0.7566666666666664 0.7458333333333335 0.10533333333333333 0.075
1 0.6693333333333333 0.7766666666666667 0.05333333333333335 0.04333333333333334
1 0.22733333333333333 0.7433333333333333 0.07066666666666668 0.031666666666666676
1 0.5033333333333333 0.6679166666666667 0.07066666666666668 0.0375
1 0.3353333333333333 0.5587499999999999 0.043999999999999984 0.025833333333333333
1 0.4786666666666667 0.5541666666666667 0.04 0.03500000000000001
1 0.5326666666666666 0.5299999999999998 0.05733333333333333 0.03500000000000001
1 0.816 0.6616666666666667 0.037333333333333336 0.04166666666666666
1 0.8426666666666666 0.6420833333333335 0.048 0.0325
1 0.8753333333333336 0.5704166666666667 0.06800000000000002 0.05583333333333333
