1 0.46000000000000013 0.47791666666666655 0.06133333333333334 0.03916666666666666
1 0.6746666666666666 0.5320833333333334 0.08266666666666665 0.05416666666666667
1 0.4526666666666668 0.5791666666666666 0.052000000000000005 0.03333333333333333
1 0.2886666666666667 0.5354166666666667 0.04933333333333333 0.0275
1 0.24600000000000002 0.5645833333333333 0.052000000000000005 0.025833333333333333
1 0.25733333333333336 0.6429166666666666 0.08266666666666665 0.0475
1 0.8320000000000002 0.59125 0.055999999999999994 0.030833333333333334
1 0.5753333333333334 0.69625 0.06800000000000002 0.030833333333333334
1 0.4693333333333334 0.7233333333333333 0.06666666666666667 0.03500000000000001
1 0.5013333333333333 0.8058333333333334 0.024 0.05333333333333335
1 0.5760000000000001 0.77875 0.06133333333333334 0.029166666666666664
1 0.606 0.7483333333333333 0.052000000000000005 0.028333333333333325
1 0.828 0.7195833333333332 0.06666666666666667 0.034166666666666665
