1 0.10533333333333333 0.6454166666666665 0.048 0.0375
1 0.20266666666666666 0.5420833333333334 0.042666666666666665 0.024166666666666666
1 0.228 0.61875 0.05333333333333335 0.05083333333333333
1 0.36200000000000004 0.75 0.06800000000000002 0.04
1 0.424 0.7887500000000002 0.096 0.04583333333333333
1 0.43866666666666654 0.7575 0.05333333333333335 0.025
1 0.4646666666666667 0.715 0.04933333333333333 0.03833333333333334
1 0.502 0.7229166666666668 0.03333333333333333 0.0425
1 0.592 0.6741666666666666 0.04533333333333333 0.045
1 0.7033333333333335 0.7266666666666666 0.06800000000000002 0.03500000000000001
1 0.6806666666666668 0.785 0.06266666666666666 0.04
1 0.282 0.5341666666666667 0.05733333333333333 0.028333333333333325
1 0.24400000000000005 0.5004166666666667 0.058666666666666666 0.0375
1 0.4246666666666667 0.51375 0.05466666666666667 0.035833333333333335
1 0.6899999999999998 0.5204166666666667 0.04666666666666667 0.03916666666666666
