1 0.6266666666666666 0.7991666666666666 0.08533333333333333 0.055
1 0.4620000000000001 0.6991666666666667 0.03333333333333333 0.03333333333333333
1 0.56 0.6425000000000002 0.08266666666666665 0.04
1 0.47199999999999986 0.5374999999999998 0.042666666666666686 0.04000000000000039
1 0.6033333333333333 0.4979166666666668 0.06800000000000002 0.0425
1 0.6566666666666666 0.505 0.05466666666666667 0.028333333333333325
1 0.768 0.5170833333333335 0.021333333333333333 0.030833333333333334
1 0.900666666666666 0.6479166666666667 0.04933333333333332 0.0324999999999999
1 0.8886666666666667 0.5379166666666665 0.06266666666666666 0.04083333333333333
1 0.8186666666666669 0.5025 0.03466666666666666 0.03333333333333333
