1 0.20399999999999996 0.5170833333333333 0.055999999999999994 0.0325
1 0.2186666666666666 0.5875 0.048 0.04
1 0.282 0.62 0.05733333333333333 0.03333333333333333
1 0.4353333333333333 0.70625 0.06800000000000002 0.0375
1 0.43933333333333324 0.7704166666666667 0.05466666666666667 0.0375
1 0.5346666666666667 0.5404166666666667 0.08799999999999997 0.04083333333333333
1 0.44 0.5945833333333334 0.05333333333333335 0.034166666666666665
1 0.4286666666666667 0.4525 0.06266666666666666 0.03833333333333334
1 0.6566666666666667 0.60625 0.07333333333333333 0.07083333333333333
1 0.636 0.5295833333333333 0.048 0.030833333333333334
